1
1
5
9
9
9
10
9
9
10
10
10
10
19
9
10
19
22
9
10
19
22
23
28
24
24
32
32
32
32
32
1
1
3
3
24
24
24
24
24
32
32
32
33
32
32
33
0
37
9
9
10
10
10
10
10
19
22
22
22
23
26
24
34
34
37
39
10
12
41
47
26
26
9
9
10
10
19
22
22
23
26
41
41
42
25
2
59
37
39
51
59
59
60
24
24
32
32
32
32
32
32
32
32
32
32
32
33
33
33
33
33
34
34
34
35
35
44
63
9
9
10
10
18
18
18
19
22
22
22
23
26
41
41
57
57
9
9
10
10
18
18
18
19
22
22
22
23
26
41
41
57
57
70
70
70
70
70
70
70
70
48
44
65
9
9
10
10
10
10
18
19
22
22
22
22
23
26
41
41
41
57
57
70
70
70
71
71
71
10
42
57
42
57
78
78
63
65
44
65
73
1
1
3
3
5
34
34
66
66
52
74
0
9
9
10
10
19
22
22
23
26
38
41
41
57
57
70
70
71
71
74
74
2
4
9
9
10
10
10
10
13
19
21
22
22
22
22
23
26
41
41
41
44
57
57
65
70
70
71
71
73
74
74
74
74
81
86
86
74
91
47
47
47
55
9
9
10
10
19
22
22
23
26
41
41
57
57
70
70
71
71
74
74
86
86
88
88
9
9
10
10
19
22
22
23
26
41
41
57
57
70
70
71
71
74
74
86
86
88
88
94
94
9
9
10
10
19
22
22
23
26
37
39
41
41
51
57
57
61
70
70
71
71
74
74
86
86
88
88
94
94
95
95
77
77
32
33
64
77
98
44
65
73
81
88
99
18
21
70
71
74
88
9
9
10
10
19
22
22
23
26
41
41
57
57
65
70
70
71
71
74
74
86
86
88
88
94
94
95
95
96
96
98
65
112
78
79
92
21
44
65
73
81
88
88
104
110
115
107
117
117
0
38
86
0
38
86
120
111
32
33
64
100
125
9
9
10
10
13
19
21
22
22
23
26
41
41
57
57
70
70
71
71
74
74
86
86
88
88
88
88
94
94
95
95
96
96
110
112
112
116
9
9
9
9
9
10
10
19
22
22
23
26
26
41
41
57
57
70
70
71
71
74
74
78
79
86
86
88
88
94
94
95
95
96
96
112
112
114
114
127
127
128
98
112
112
128
129
21
88
110
116
127
127
127
129
9
9
10
10
19
22
22
23
26
41
41
57
57
70
70
71
71
74
74
86
86
88
88
94
94
95
95
96
96
112
112
127
127
127
127
129
129
129
129
130
9
127
128
128
129
129
129
129
130
130
132
9
9
9
10
10
13
19
21
22
22
23
26
41
41
57
57
70
70
71
71
74
74
86
86
88
88
88
88
94
94
95
95
96
96
110
112
112
116
127
127
127
127
128
128
129
129
129
130
131
132
132
133
133
9
128
128
129
130
133
133
134
134
134
9
127
128
129
133
133
134
135
9
128
128
129
129
130
130
132
133
133
133
134
134
135
135
136
129
133
129
133
139
9
128
128
129
129
130
130
132
133
133
133
134
134
135
135
136
138
138
138
138
9
26
56
127
128
128
129
129
129
129
130
130
132
133
133
133
133
133
133
134
134
135
135
136
136
138
138
138
139
140
141
141
141
9
9
9
10
10
13
19
21
22
22
23
26
41
41
57
57
70
70
71
71
74
74
86
86
88
88
88
88
94
94
95
95
96
96
110
112
112
116
127
127
127
127
128
128
129
129
129
130
131
132
132
133
133
134
134
134
134
134
134
134
134
134
135
135
135
136
138
138
141
141
142
142
9
128
128
129
130
133
133
134
134
134
135
135
135
136
138
138
141
141
142
142
143
143
143
129
133
139
140
142
9
128
128
129
129
130
130
132
133
133
133
134
134
135
135
136
138
138
138
138
141
141
141
141
142
142
142
143
143
144
144
9
9
10
10
13
19
21
22
22
23
26
41
41
57
57
70
70
71
71
74
74
86
86
88
88
88
88
94
94
95
95
96
96
110
112
112
116
127
127
127
127
127
127
127
127
127
127
127
127
127
127
127
129
129
131
131
131
132
132
132
132
133
134
134
134
134
136
142
143
143
143
143
9
128
128
129
130
133
133
134
134
135
135
136
138
138
141
141
142
142
143
143
144
144
146
146
9
9
9
9
10
10
13
19
21
22
22
23
26
26
41
41
57
57
70
70
71
71
74
74
78
79
86
86
88
88
88
88
94
94
95
95
96
96
110
112
112
114
114
116
127
127
127
127
128
129
129
129
129
129
129
129
129
129
129
129
129
129
129
129
130
131
131
132
132
132
132
133
133
133
133
134
134
134
134
134
135
136
138
138
139
140
141
141
142
142
142
142
143
143
143
143
143
144
145
146
146
147
147
147
147
148
21
88
110
116
127
127
127
129
131
131
131
131
134
143
147
147
147
149
149
9
9
10
10
19
22
22
23
26
41
41
57
57
70
70
71
71
74
74
86
86
88
88
94
94
95
95
96
96
112
112
127
127
127
127
129
129
129
129
130
132
132
132
132
132
132
132
132
133
134
134
138
141
142
143
143
146
147
147
147
147
149
149
149
149
98
112
112
128
129
130
130
130
130
130
130
132
133
133
134
135
138
138
141
141
142
142
143
144
146
146
148
149
151
9
10
19
22
23
26
41
57
70
71
74
86
88
94
95
96
112
127
129
132
134
143
147
149
151
98
112
112
128
129
130
130
130
130
130
130
132
133
133
134
135
138
138
141
141
142
142
143
144
146
146
148
149
151
152
152
152
152
152
152
137
137
137
9
10
19
22
23
26
41
57
70
71
74
86
88
94
95
96
112
127
129
132
134
143
147
149
151
153
153
101
101
157
0
9
9
10
10
19
22
22
23
26
38
41
41
49
57
57
70
70
71
71
74
74
86
86
86
86
88
88
94
94
95
95
96
96
112
112
120
121
127
127
129
129
132
132
134
134
143
143
147
147
149
149
151
151
153
156
0
9
9
10
10
19
22
22
23
26
38
41
41
49
57
57
70
70
71
71
74
74
86
86
86
86
88
88
94
94
95
95
96
96
112
112
120
120
121
127
127
129
129
132
132
134
134
143
143
147
147
149
149
151
151
153
156
159
159
159
159
159
159
159
159
159
159
159
159
9
9
10
10
19
22
22
23
26
41
41
57
57
70
70
71
71
74
74
86
86
88
88
94
94
95
95
96
96
112
112
127
127
129
129
132
132
134
134
143
143
147
147
149
149
151
151
153
156
159
159
160
160
86
159
160
9
10
10
19
22
22
22
23
26
41
41
57
70
70
71
71
74
74
86
88
88
94
95
96
112
127
129
132
134
143
147
149
151
153
156
159
160
161
86
159
160
162
74
74
84
74
84
166
74
99
106
99
106
169
94
24
24
34
43
1
1
2
3
3
24
32
34
34
34
64
82
82
82
24
24
34
43
172
172
1
1
2
3
3
24
32
34
34
34
64
82
82
82
173
173
173
173
173
173
173
107
118
107
118
177
107
118
177
178
181
181
101
13
21
50
88
88
98
110
112
112
116
127
127
130
130
131
134
134
143
143
147
147
149
149
150
152
152
154
154
13
21
40
88
88
110
116
127
127
131
134
134
143
143
147
147
149
149
150
186
186
107
118
177
178
179
101
157
158
180
9
9
9
10
10
10
19
22
22
22
23
26
41
41
57
57
70
70
71
71
74
74
74
86
86
88
88
88
94
94
95
95
96
96
112
112
127
127
127
129
129
129
132
132
134
134
143
143
147
147
147
149
149
149
151
151
153
156
159
159
160
160
161
161
164
9
9
10
10
10
19
22
22
23
26
41
41
41
53
57
57
70
70
71
71
74
74
86
86
88
88
94
94
95
95
96
96
112
112
127
127
129
129
132
132
134
134
143
143
147
147
149
149
151
151
153
156
159
159
160
160
161
161
164
190
190
10
41
53
192
9
9
10
10
13
19
21
22
22
23
26
41
41
57
57
70
70
71
71
74
74
86
86
88
88
88
88
94
94
95
95
96
96
98
110
112
112
112
112
116
127
127
127
127
129
129
130
130
131
132
132
134
134
134
134
143
143
143
143
147
147
147
147
149
149
149
149
150
151
151
152
152
153
154
154
156
159
159
159
160
160
160
161
161
164
186
186
186
186
187
187
190
190
192
192
10
11
18
18
41
44
53
65
70
70
71
71
73
75
81
85
88
104
116
192
194
9
9
10
10
13
19
21
22
22
23
26
41
41
57
57
70
70
71
71
74
74
86
86
88
88
88
88
94
94
95
95
96
96
110
112
112
116
127
127
127
127
129
129
131
132
132
134
134
134
134
143
143
143
143
147
147
147
147
149
149
149
149
150
151
151
153
156
159
159
160
160
161
161
164
186
186
187
187
190
190
191
192
192
195
195
195
195
55
98
112
112
115
127
130
130
147
152
152
154
154
186
186
190
195
195
37
39
51
61
85
96
98
101
112
112
112
112
112
115
127
130
130
147
152
152
154
154
183
186
186
190
195
195
196
200
200
200
200
21
88
110
116
127
131
134
143
147
149
150
186
187
195
199
48
72
13
21
88
88
110
116
127
127
131
134
134
143
143
147
147
149
149
150
186
186
186
187
187
195
195
195
199
199
202
9
9
10
10
19
22
22
23
26
41
41
48
57
57
70
70
71
71
72
74
74
86
86
88
88
94
94
95
95
96
96
99
106
112
112
115
115
115
115
115
117
127
127
129
129
132
132
134
134
143
143
147
147
149
149
151
151
153
156
159
159
160
160
161
161
164
164
169
170
190
190
192
192
195
195
199
199
203
108
115
115
196
196
205
205
205
205
205
205
205
205
205
205
205
74
153
156
199
153
156
207
206
36
106
44
65
73
81
88
104
116
196
9
9
10
10
19
22
22
23
26
41
41
44
57
57
65
70
70
71
71
73
74
74
81
86
86
88
88
88
94
94
95
95
96
96
104
112
112
116
127
127
129
129
132
132
134
134
143
143
147
147
149
149
151
151
153
156
159
159
160
160
161
161
164
190
190
192
192
195
195
196
199
199
205
205
212
153
156
207
209
10
11
41
50
50
53
186
192
194
196
196
196
211
211
213
37
39
51
54
61
96
201
9
9
10
10
19
21
22
22
23
26
41
41
57
57
70
70
71
71
74
74
86
86
88
88
88
94
94
95
95
96
96
107
110
112
112
115
116
118
127
127
127
127
129
129
131
132
132
134
134
134
143
143
143
147
147
147
147
149
149
149
150
151
151
153
156
159
159
160
160
161
161
164
177
178
179
186
187
188
190
190
190
192
192
195
195
195
198
199
199
199
200
200
201
201
202
204
205
205
214
214
78
79
114
129
149
18
18
70
71
196
9
9
10
10
19
22
22
23
26
41
41
57
57
70
70
71
71
74
74
86
86
88
88
94
94
95
95
96
96
112
112
127
127
129
129
132
132
134
134
143
143
147
147
149
149
151
151
153
156
159
159
160
160
161
161
164
190
190
192
192
195
195
199
199
205
205
214
214
221
221
9
9
10
10
19
22
22
23
26
41
41
57
57
70
70
71
71
74
74
86
86
88
88
94
94
95
95
96
96
112
112
112
127
127
129
129
132
132
134
134
143
143
147
147
149
149
151
151
153
156
159
159
160
160
161
161
164
190
190
192
192
195
195
199
199
201
205
205
214
214
221
221
224
224
185
185
185
185
185
9
9
10
10
13
19
21
22
22
23
26
41
41
57
57
70
70
71
71
74
74
86
86
88
88
88
88
94
94
95
95
96
96
110
112
112
115
116
127
127
127
127
129
129
131
132
132
134
134
134
134
143
143
143
143
147
147
147
147
149
149
149
149
150
151
151
153
156
159
159
160
160
161
161
164
186
186
187
187
190
190
192
192
195
195
195
195
199
199
199
199
200
201
202
204
204
205
205
214
214
218
221
221
221
221
224
224
225
225
9
9
10
10
13
19
21
22
22
23
26
41
41
57
57
65
70
70
71
71
74
74
86
86
88
88
88
88
94
94
95
95
96
96
110
112
112
112
113
116
127
127
127
127
129
129
131
132
132
134
134
134
134
143
143
143
143
147
147
147
147
149
149
149
149
150
151
151
153
156
159
159
160
160
161
161
164
186
186
187
187
190
190
192
192
195
195
195
195
199
199
199
199
202
204
204
205
205
214
214
221
221
221
224
224
225
225
227
227
227
227
196
9
9
10
10
13
19
21
22
22
23
26
41
41
57
57
70
70
71
71
74
74
74
86
86
88
88
88
88
94
94
95
95
96
96
110
112
112
115
116
127
127
127
127
129
129
131
132
132
134
134
134
134
143
143
143
143
147
147
147
147
149
149
149
149
150
151
151
153
156
159
159
160
160
161
161
164
186
186
187
187
190
190
192
192
195
195
195
195
195
199
199
199
199
200
201
202
204
204
204
205
205
214
214
218
221
221
221
221
224
224
225
225
227
227
227
227
227
227
227
227
227
227
227
227
227
227
227
228
228
228
228
174
196
229
21
88
110
116
127
131
134
143
147
149
150
186
187
195
199
202
204
221
227
228
230
41
92
98
112
112
112
112
112
114
130
130
152
152
154
154
186
186
195
195
196
200
200
201
201
201
201
201
211
218
225
9
9
10
10
13
19
21
22
22
23
26
41
41
57
57
70
70
71
71
74
74
86
86
88
88
88
88
94
94
95
95
96
96
110
112
112
116
127
127
127
127
129
129
131
132
132
134
134
134
134
143
143
143
143
147
147
147
147
149
149
149
149
150
151
151
153
156
159
159
159
160
160
160
161
161
164
186
186
187
187
190
190
192
192
195
195
195
195
199
199
199
199
202
204
204
205
205
214
214
221
221
221
224
224
225
225
227
227
227
227
228
228
228
228
230
230
230
230
232
9
9
10
10
10
10
19
22
22
22
22
23
26
41
41
41
44
57
57
65
70
70
71
71
73
74
74
74
74
81
86
86
88
88
88
88
88
88
94
94
95
95
96
96
104
112
112
116
127
127
129
129
132
132
134
134
143
143
147
147
149
149
151
151
153
156
159
159
160
160
161
161
164
164
190
190
190
192
192
195
195
196
199
199
205
205
212
214
214
214
221
221
224
224
225
225
227
227
228
228
230
230
234
234
211
233
233
233
21
88
110
116
127
131
134
143
147
149
150
186
187
195
199
202
204
221
227
228
230
232
234
52
83
161
11
196
218
21
88
110
112
112
116
127
131
134
143
147
149
150
186
187
195
199
201
201
202
204
221
225
227
228
230
232
233
233
233
233
234
238
2
14
87
2
14
14
24
32
34
35
64
87
173
176
243
243
2
24
32
34
64
87
173
173
176
176
243
246
246
1
1
3
3
34
34
35
35
82
82
107
118
173
173
176
176
177
178
179
188
221
246
246
246
24
32
34
64
173
176
246
247
248
248
248
248
248
248
248
248
248
248
248
248
248
250
250
250
250
250
251
35
246
246
248
248
245
254
2
2
59
60
62
67
87
243
246
247
6
248
107
118
177
178
179
188
221
248
2
3
14
14
24
24
24
24
32
32
32
33
34
34
34
34
34
34
35
35
35
35
43
59
60
60
60
60
62
64
64
64
87
109
163
172
173
173
175
176
176
243
243
246
246
246
246
246
247
247
247
248
249
256
256
256
256
34
245
245
245
255
2
4
87
87
87
243
246
247
256
262
34
34
262
263
263
267
1
1
2
3
3
34
34
60
82
82
173
173
176
176
248
248
14
32
64
246
246
248
254
256
262
32
64
1
1
3
3
4
34
34
82
82
87
173
173
176
176
245
248
248
255
264
266
269
269
274
32
32
33
34
35
35
64
64
262
262
262
262
262
266
267
267
268
32
32
33
34
34
35
35
64
64
262
262
262
262
263
267
267
278
278
278
278
278
278
278
279
256
24
34
43
172
175
262
35
32
32
33
35
35
35
35
35
35
35
35
35
64
64
246
248
248
254
262
262
262
262
262
262
278
278
279
279
287
1
1
3
3
34
34
82
82
87
173
173
176
176
245
246
248
248
248
248
255
264
269
269
276
276
276
1
1
3
3
4
34
34
82
82
87
173
173
176
176
248
248
266
269
269
276
276
276
289
289
32
34
35
43
64
107
109
118
177
178
179
188
221
246
248
248
254
255
259
262
264
264
271
288
2
2
34
274
277
291
111
122
111
122
294
1
1
3
3
4
34
34
82
82
87
173
173
176
176
248
248
266
266
269
269
276
276
276
289
289
290
290
290
2
2
109
292
292
292
3
5
5
6
6
6
24
24
24
25
28
29
32
34
34
34
34
34
34
34
34
34
35
43
43
58
64
66
82
82
82
82
172
175
176
257
262
262
262
262
262
262
262
263
267
267
267
274
278
278
278
278
279
279
279
279
279
281
286
288
291
291
293
293
293
293
24
25
28
29
34
34
34
43
43
58
87
172
175
176
262
262
266
278
286
291
293
298
298
298
298
298
298
298
298
298
298
298
262
278
279
298
245
245
255
264
264
276
289
32
32
33
35
35
64
64
262
262
278
278
279
279
288
288
6
6
257
298
298
32
33
35
64
262
278
279
288
304
32
32
32
32
32
33
33
33
33
33
34
35
64
64
64
64
64
100
123
262
278
279
288
304
306
1
1
3
3
5
14
24
24
24
24
24
32
32
32
32
33
33
34
34
34
34
34
34
34
34
34
34
34
34
34
34
34
34
34
43
43
64
64
64
64
82
82
82
172
173
173
173
175
176
176
176
246
246
246
247
248
248
248
248
249
262
262
262
262
262
262
262
263
267
267
269
269
271
276
276
278
279
279
286
289
289
289
289
290
290
291
293
296
296
298
298
298
298
298
298
298
298
298
298
299
299
299
307
307
34
245
245
264
264
264
267
267
268
278
278
279
291
298
303
308
32
33
35
64
262
278
279
288
304
306
307
278
279
298
35
287
288
27
298
298
298
299
299
1
1
2
3
3
24
24
32
34
34
34
34
34
34
35
43
59
60
62
64
67
82
82
87
172
172
173
173
175
175
176
176
243
245
245
246
246
247
248
248
248
248
256
256
262
262
262
262
262
262
263
264
264
266
267
267
267
268
269
269
276
276
278
278
278
278
279
279
286
288
289
289
289
289
290
290
296
296
298
298
298
298
298
299
299
303
304
308
308
308
308
308
308
308
308
309
309
309
309
309
309
311
24
32
32
34
64
64
271
298
308
3
60
262
289
289
290
1
1
3
3
34
34
82
82
87
173
173
176
176
248
248
269
269
276
276
289
289
289
289
289
290
290
296
296
308
308
314
314
317
6
6
257
298
298
305
305
32
32
33
35
35
64
64
262
262
278
278
279
279
288
288
304
304
306
307
310
314
269
269
322
9
9
10
10
10
19
22
22
23
26
41
41
57
57
70
70
71
71
74
74
86
86
88
88
94
94
95
95
96
96
112
112
127
127
129
129
132
132
134
134
143
143
147
147
149
149
151
151
153
156
159
159
160
160
161
161
164
190
190
192
192
195
195
199
199
205
205
214
214
221
221
224
224
225
225
227
227
228
228
230
230
234
234
235
235
1
3
34
82
173
176
248
269
276
289
290
296
308
314
319
269
322
322
323
326
326
326
1
1
3
3
4
34
34
82
82
87
173
173
176
176
248
248
266
269
269
276
276
276
289
289
290
290
290
296
296
296
308
308
314
314
319
319
325
289
323
31
159
160
234
9
9
10
10
19
21
22
22
23
26
41
41
57
57
65
70
70
71
71
74
74
86
86
88
88
88
94
94
95
95
96
96
110
112
112
112
113
116
127
127
127
129
129
131
132
132
134
134
134
143
143
143
147
147
147
149
149
149
150
151
151
153
156
159
159
160
160
161
161
164
186
187
190
190
192
192
195
195
195
199
199
199
202
204
205
205
214
214
221
221
221
224
224
225
225
227
227
227
228
228
228
228
228
230
230
230
232
234
234
234
235
235
238
242
324
324
218
9
9
10
10
19
22
22
23
26
41
41
57
57
70
70
71
71
74
74
86
86
88
88
94
94
94
95
95
96
96
112
112
127
127
129
129
132
132
134
134
143
143
147
147
149
149
151
151
153
156
159
159
160
160
161
161
164
171
190
190
192
192
195
195
199
199
205
205
214
214
221
221
224
224
225
225
227
227
228
228
230
230
234
234
235
235
324
324
334
334
128
129
130
130
132
133
133
134
135
138
138
141
141
142
142
143
144
146
146
148
149
151
152
152
154
154
10
41
53
192
194
196
211
218
218
94
94
171
337
9
9
10
10
19
20
22
22
23
26
41
41
57
57
70
70
71
71
74
74
86
86
88
88
94
94
95
95
96
96
112
112
127
127
129
129
132
132
134
134
143
143
147
147
149
149
151
151
153
156
159
159
160
160
161
161
164
190
190
192
192
195
195
199
199
205
205
214
214
221
221
224
224
225
225
227
227
228
228
230
230
234
234
235
235
324
324
334
334
337
337
9
10
19
22
23
26
41
57
70
71
74
86
88
94
95
96
112
127
129
132
134
143
147
149
151
153
156
159
160
161
164
190
192
195
199
205
214
221
224
225
227
228
230
234
235
324
334
337
343
344
24
32
32
32
33
33
34
34
64
64
64
173
176
246
247
249
262
307
307
308
308
308
9
9
10
10
19
21
22
22
23
26
41
41
57
57
70
70
71
71
74
74
86
86
88
88
88
94
94
95
95
95
96
96
110
112
112
116
127
127
127
129
129
131
132
132
134
134
134
143
143
143
147
147
147
149
149
149
150
151
151
153
156
159
159
160
160
161
161
164
186
187
190
190
192
192
195
195
195
199
199
199
202
204
205
205
214
214
221
221
221
224
224
225
225
227
227
227
228
228
228
230
230
230
232
234
234
234
235
235
238
242
324
324
334
334
334
337
337
344
344
345
11
26
56
74
94
94
171
180
189
196
201
211
218
240
337
341
348
262
127
147
190
200
201
221
225
348
351
107
118
177
178
179
188
221
248
259
291
112
201
225
233
242
238
9
9
10
10
13
19
21
22
22
23
26
41
41
44
57
57
65
70
70
71
71
73
74
74
81
86
86
88
88
88
88
88
94
94
95
95
96
96
104
110
112
112
116
116
127
127
127
127
129
129
131
132
132
134
134
134
134
143
143
143
143
147
147
147
147
149
149
149
149
150
151
151
153
156
159
159
160
160
161
161
164
186
186
187
187
190
190
192
192
195
195
195
195
195
196
199
199
199
199
202
204
204
204
205
205
212
214
214
214
221
221
221
224
224
225
225
227
227
227
227
228
228
228
228
230
230
230
230
230
232
234
234
234
234
235
235
235
238
242
324
324
334
334
334
337
337
344
344
345
350
350
350
94
351
116
9
9
10
10
19
22
22
23
26
41
41
57
57
70
70
71
71
74
74
86
86
88
88
94
94
95
95
96
96
112
112
127
127
129
129
132
132
134
134
143
143
147
147
149
149
151
151
153
156
159
159
159
160
160
160
161
161
164
190
190
192
192
195
195
195
199
199
205
205
214
214
221
221
224
224
225
225
227
227
228
228
230
230
234
234
235
235
324
324
334
334
337
337
344
344
345
350
350
359
359
32
64
262
273
278
279
298
301
50
186
159
160
234
333
10
324
9
10
19
22
23
26
41
57
70
71
74
86
88
94
95
96
112
127
129
132
134
143
147
149
151
153
156
159
160
161
164
190
192
195
199
205
214
221
224
225
227
228
230
234
235
324
334
337
344
345
350
359
362
9
9
10
10
19
22
22
23
26
41
41
57
57
63
65
65
70
70
71
71
74
74
80
86
86
88
88
94
94
95
95
96
96
112
112
112
113
127
127
129
129
132
132
134
134
143
143
147
147
149
149
151
151
153
156
159
159
160
160
161
161
164
190
190
192
192
195
195
199
199
205
205
214
214
221
221
224
224
225
225
227
227
228
228
228
230
230
234
234
235
235
324
324
334
334
334
337
337
344
344
345
350
350
359
359
362
362
368
26
56
129
142
149
233
233
233
236
236
269
322
323
326
269
322
323
326
372
269
322
323
323
326
331
372
373
1
1
3
3
4
34
34
82
82
87
173
173
176
176
248
248
266
266
266
269
269
276
276
276
278
289
289
290
290
290
296
296
296
308
308
314
314
319
319
325
329
329
329
225
354
234
379
159
160
234
333
365
44
65
65
73
81
88
104
112
113
116
196
212
214
228
235
334
359
369
196
129
130
132
133
138
141
142
146
149
151
152
154
338
107
118
177
178
179
188
221
248
259
291
356
387
387
387
387
387
377
377
377
377
377
377
377
266
296
266
296
296
390
266
375
266
266
278
375
375
392
32
33
35
64
262
278
279
288
304
306
307
310
321
46
159
160
234
333
365
381
400
400
401
405
407
399
407
408
408
408
408
408
408
408
408
408
408
408
408
408
408
408
408
408
408
408
408
408
408
408
408
408
408
408
408
408
408
408
408
408
408
408
408
408
408
408
408
408
408
408
408
408
408
408
408
408
408
408
408
408
408
408
408
408
408
408
408
408
408
408
408
408
408
408
408
408
408
408
408
408
408
408
408
408
408
408
408
408
408
408
408
408
408
408
408
408
408
408
408
408
408
408
408
408
408
408
408
408
408
408
408
408
408
408
408
408
408
408
408
408
408
408
408
408
408
408
408
408
408
408
408
408
408
408
408
408
408
408
408
408
408
408
408
408
408
408
408
408
408
408
408
408
408
408
408
408
408
408
408
408
408
408
408
408
408
408
408
408
408
408
408
408
408
408
408
408
408
408
408
408
408
408
408
408
408
408
408
408
408
408
408
408
408
408
408
408
408
408
408
408
408
408
408
408
408
408
408
408
408
408
408
408
408
408
408
408
408
408
408
408
408
408
408
408
408
408
408
408
408
408
408
408
408
408
408
408
408
408
408
408
408
408
408
408
408
408
408
408
408
408
408
408
408
408
408
408
408
408
408
408
408
408
408
408
408
408
408
408
408
408
408
408
408
408
408
408
408
408
408
408
408
408
408
408
408
408
408
408
408
408
408
408
408
408
408
408
408
408
408
408
408
408
408
408
408
408
408
408
408
408
408
408
408
408
408
408
408
408
408
408
408
408
408
408
408
408
408
408
408
408
408
408
408
408
408
408
408
408
408
408
408
408
408
408
408
408
408
408
408
408
408
408
408
408
408
408
408
408
408
408
408
408
408
408
408
408
408
408
408
408
408
408
408
408
408
408
408
408
408
408
408
408
408
408
408
408
408
408
408
408
408
408
408
408
408
408
408
408
408
408
408
408
408
408
408
408
408
408
408
408
408
408
408
408
408
408
408
408
408
408
408
408
408
408
408
408
408
408
408
408
408
408
408
408
408
408
408
408
408
408
408
408
408
408
408
408
408
408
408
408
408
408
408
408
408
408
408
408
408
408
408
408
408
408
408
408
408
408
408
408
408
408
408
408
408
408
408
408
408
408
408
408
408
408
408
408
408
408
408
408
408
408
408
408
408
408
408
408
408
408
408
408
408
408
408
408
408
408
408
408
408
408
408
408
408
408
407
407
407
408
410
2
2
256
5
82
82
298
298
308
107
118
177
178
179
188
221
248
259
291
356
387
387
387
387
387
387
387
387
387
387
387
387
387
387
387
387
387
387
387
388
388
388
388
388
388
388
388
388
388
388
388
388
388
388
388
388
388
388
388
388
388
388
388
388
388
388
388
388
388
32
33
35
64
262
278
279
288
304
306
307
310
321
394
107
118
177
178
179
188
221
248
259
291
356
388
420
115
115
115
117
117
119
119
200
201
205
205
206
221
227
230
290
290
290
318
385
385
385
433
129
130
132
133
138
141
142
146
149
151
152
154
338
384
44
65
73
81
88
104
116
196
212
214
235
359
382
44
65
73
81
88
104
116
196
212
214
235
359
382
436
44
65
73
81
88
104
116
196
212
214
235
359
382
436
437
269
322
323
323
326
331
372
373
374
374
26
129
149
443
400
401
402
418
232
232
234
232
450
418
446
32
64
271
291
452
232
449
403
404
447
387
387
387
387
387
420
420
420
420
420
447
447
447
11
196
218
240
351
255
291
269
322
323
326
372
373
374
439
269
322
323
326
326
327
372
373
374
439
466
269
322
323
326
326
327
372
373
374
439
466
468
468
469
387
387
387
387
388
388
388
420
420
420
9
9
10
10
11
19
22
22
23
26
41
41
53
57
57
70
70
71
71
74
74
86
86
88
88
94
94
95
95
96
96
112
112
127
127
129
129
132
132
134
134
143
143
147
147
149
149
151
151
153
156
159
159
160
160
161
161
164
190
190
192
192
195
195
195
196
199
199
204
205
205
214
214
218
221
221
224
224
225
225
227
227
228
228
230
230
230
234
234
235
235
240
324
324
334
334
337
337
344
344
345
350
350
351
359
359
359
362
362
368
369
369
462
2
2
2
2
2
3
3
5
6
24
24
24
25
28
29
30
32
32
32
33
34
34
34
34
34
35
35
35
43
58
59
60
60
60
60
60
60
60
62
64
64
64
67
82
82
82
87
87
87
90
163
172
173
173
173
175
176
176
176
243
246
246
246
246
246
247
247
248
248
248
248
249
254
254
256
256
256
256
256
256
262
262
262
262
262
262
262
262
262
262
262
262
262
262
262
262
262
262
262
262
262
263
266
266
266
266
267
267
267
267
269
269
270
271
271
271
271
271
271
271
274
274
274
275
278
278
278
278
278
278
278
279
279
279
279
279
279
286
288
288
288
288
289
289
289
289
289
290
290
290
291
291
293
296
298
298
298
298
298
298
298
298
298
298
298
298
298
298
298
298
298
298
298
298
298
298
298
298
298
298
299
299
299
299
299
299
299
300
301
302
304
305
306
307
308
308
308
308
308
308
308
308
309
309
310
311
314
314
314
314
314
314
314
314
316
319
320
321
322
323
323
326
326
327
330
331
347
363
372
373
374
374
375
390
391
393
394
413
413
417
417
421
428
439
439
440
453
466
467
467
468
468
469
469
469
34
111
122
274
277
291
293
293
293
293
293
293
294
295
298
298
298
298
299
308
473
271
271
271
473
473
262
262
352
352
352
352
352
352
74
89
94
171
337
341
351
24
24
32
34
34
64
262
298
298
308
308
315
473
24
34
262
298
308
473
485
13
21
88
88
110
116
127
127
131
134
134
143
143
147
147
149
149
150
186
186
187
187
195
195
199
199
202
204
204
221
227
227
228
228
230
230
232
234
234
238
242
334
350
359
359
9
9
10
10
19
21
22
22
23
26
41
41
57
57
70
70
71
71
74
74
86
86
88
88
88
94
94
95
95
96
96
110
112
112
116
127
127
127
129
129
131
132
132
134
134
134
143
143
143
147
147
147
149
149
149
150
151
151
153
156
159
159
160
160
161
161
164
186
187
190
190
192
192
195
195
195
199
199
199
202
202
204
205
205
214
214
221
221
221
224
224
225
225
227
227
227
228
228
228
230
230
230
232
234
234
234
235
235
238
242
324
324
334
334
334
337
337
344
344
345
350
350
350
359
359
359
362
362
368
369
369
472
472
488
32
33
34
64
307
308
347
9
9
10
10
19
21
22
22
23
26
41
41
57
57
70
70
71
71
74
74
86
86
88
88
88
94
94
95
95
96
96
103
110
112
112
116
127
127
127
129
129
131
132
132
134
134
134
143
143
143
147
147
147
149
149
149
150
151
151
153
156
159
159
159
160
160
160
161
161
164
186
187
190
190
192
192
195
195
195
195
199
199
199
202
204
205
205
214
214
221
221
221
224
224
225
225
227
227
227
228
228
228
230
230
230
232
234
234
234
234
235
235
238
242
324
324
334
334
334
337
337
344
344
345
350
350
350
359
359
359
362
362
362
368
369
369
448
448
472
472
488
489
489
489
262
278
279
298
301
363
473
74
74
89
168
215
482
11
196
218
240
351
462
472
32
33
34
64
307
308
347
490
94
171
337
341
351
483
35
90
246
246
248
248
254
254
271
288
291
473
473
473
161
239
387
388
420
471
471
471
471
471
471
471
471
471
471
471
471
471
471
387
420
471
471
471
471
471
499
471
471
471
500
387
388
471
471
471
471
471
471
471
499
499
499
499
499
499
500
219
94
351
360
18
70
71
196
223
423
262
278
279
298
301
363
473
492
35
90
246
246
248
248
254
254
271
288
291
473
473
473
497
497
497
35
90
246
246
248
248
254
254
271
288
291
473
473
473
497
497
497
508
508
508
447
458
459
447
447
447
461
461
461
74
168
493
9
9
10
10
13
19
21
22
22
23
26
41
41
57
57
70
70
71
71
74
74
86
86
88
88
88
88
94
94
95
95
96
96
110
112
112
116
127
127
127
127
129
129
131
132
132
134
134
134
134
143
143
143
143
147
147
147
147
149
149
149
149
150
151
151
153
156
159
159
159
160
160
160
161
161
164
186
186
187
187
190
190
192
192
195
195
195
195
195
195
199
199
199
199
202
204
204
205
205
214
214
221
221
221
224
224
225
225
227
227
227
227
228
228
228
228
230
230
230
230
232
234
234
234
234
235
235
238
242
324
324
334
334
334
337
337
344
344
345
350
350
350
359
359
359
359
362
362
362
368
369
369
472
472
488
488
489
489
489
491
491
491
491
471
499
502
302
467
473
473
74
74
74
89
98
112
112
130
130
152
152
154
154
166
168
186
186
195
195
200
200
201
201
233
233
482
493
493
513
447
461
512
459
511
447
447
461
461
512
512
9
98
112
112
130
130
152
152
154
154
186
186
195
195
200
200
201
201
233
233
517
517
471
471
471
471
471
499
500
502
502
387
387
387
387
388
388
388
420
420
420
471
471
471
471
471
471
471
471
471
471
471
471
471
471
471
471
471
471
471
471
471
471
471
471
471
471
471
471
471
471
471
471
471
471
471
471
471
471
471
471
471
471
471
471
471
471
471
471
471
471
471
471
471
471
471
471
471
471
471
471
471
471
471
471
471
471
471
471
471
471
471
471
471
471
471
471
471
471
471
471
471
471
471
471
471
471
471
471
471
471
471
471
471
471
471
471
471
471
471
471
471
471
471
471
471
471
471
471
471
471
471
471
471
471
471
471
471
471
471
471
471
471
471
471
471
471
471
471
499
499
499
499
499
499
499
499
499
499
499
499
499
499
500
500
500
500
500
501
501
501
502
502
502
502
502
502
502
515
523
523
523
523
523
387
388
420
471
471
471
471
471
471
499
499
499
499
499
500
501
502
502
502
502
502
502
502
515
523
524
524
524
524
524
524
442
442
9
9
10
10
19
22
22
23
26
41
41
57
57
70
70
71
71
74
74
86
86
88
88
94
94
95
95
96
96
112
112
127
127
129
129
132
132
134
134
143
143
147
147
149
149
151
151
153
156
159
159
160
160
161
161
164
190
190
192
192
195
195
199
199
205
205
214
214
221
221
224
224
225
225
227
227
228
228
230
230
234
234
234
235
235
324
324
334
334
337
337
344
344
345
350
350
359
359
362
362
368
369
369
380
442
442
472
472
489
489
491
491
514
514
526
526
526
9
9
10
10
19
22
22
23
26
41
41
57
57
70
70
71
71
74
74
86
86
88
88
94
94
95
95
96
96
112
112
127
127
129
129
132
132
134
134
143
143
147
147
149
149
151
151
153
156
159
159
160
160
161
161
164
190
190
192
192
195
195
199
199
205
205
214
214
221
221
224
224
225
225
227
227
228
228
230
230
234
234
235
235
324
324
334
334
337
337
344
344
345
350
350
359
359
362
362
368
369
369
472
472
489
489
491
491
514
514
526
527
527
527
24
32
34
64
298
308
315
315
485
11
196
218
240
351
462
472
494
112
201
225
233
242
357
24
32
32
34
64
64
271
298
308
315
315
315
315
485
529
529
315
529
532
309
314
473
471
471
471
471
471
471
471
471
471
502
523
523
523
523
523
523
524
524
524
524
524
524
524
524
524
256
271
387
387
388
388
420
471
471
471
471
471
471
471
471
471
499
499
499
499
499
500
501
502
502
502
502
502
502
502
502
502
515
523
523
524
524
524
524
524
524
524
524
524
525
525
525
525
525
525
525
525
525
525
525
525
525
525
535
9
10
13
19
21
22
23
26
41
55
55
57
70
71
74
86
88
88
88
94
95
96
110
112
116
127
127
127
129
131
132
134
134
134
143
143
143
147
147
147
149
149
149
150
151
153
156
159
160
161
164
186
186
187
187
190
192
195
195
195
199
199
199
202
204
204
205
214
221
221
224
225
227
227
227
228
228
228
230
230
230
232
234
234
234
235
238
242
324
334
334
337
344
345
350
350
359
359
359
362
368
369
472
488
488
489
489
491
491
514
514
514
527
528
278
279
298
309
311
311
311
314
314
473
473
534
9
9
10
10
19
22
22
23
26
41
41
57
57
70
70
71
71
74
74
86
86
88
88
94
94
95
95
96
96
112
112
127
127
129
129
132
132
134
134
143
143
147
147
149
149
151
151
153
156
159
159
160
160
161
161
164
190
190
192
192
195
195
199
199
200
205
205
214
214
221
221
224
224
224
225
225
227
227
228
228
230
230
234
234
235
235
235
324
324
334
334
337
337
344
344
345
350
350
359
359
362
362
362
368
369
369
472
472
489
489
491
491
514
514
527
527
528
528
538
538
11
196
218
240
351
462
472
494
530
377
377
377
377
377
389
389
389
389
389
389
387
387
388
388
420
420
471
471
471
471
471
471
471
471
471
471
471
471
471
471
471
471
471
499
499
499
502
524
524
524
524
524
524
524
524
524
524
524
524
524
524
524
524
524
524
525
525
525
535
537
537
537
471
471
471
471
471
471
471
471
471
502
523
523
523
523
523
523
524
524
524
524
524
524
524
524
524
535
535
535
535
535
535
535
535
535
535
535
535
535
535
535
535
537
543
471
471
471
471
471
471
471
471
471
502
523
523
523
523
523
523
524
524
524
524
524
524
524
524
524
535
535
535
535
535
535
535
535
535
535
535
535
535
535
535
535
537
543
544
544
544
544
544
544
544
544
544
544
544
544
544
544
544
544
471
471
471
499
499
502
524
524
524
543
74
168
493
513
513
517
9
9
10
10
11
19
22
22
23
26
41
41
57
57
70
70
71
71
74
74
86
86
88
88
94
94
95
95
96
96
112
112
127
127
129
129
132
132
134
134
143
143
147
147
149
149
151
151
153
156
159
159
160
160
161
161
164
190
190
192
192
195
195
196
199
199
205
205
214
214
218
221
221
224
224
225
225
227
227
228
228
230
230
234
234
235
235
240
324
324
334
334
337
337
344
344
345
350
350
351
359
359
362
362
368
369
369
462
472
472
472
489
489
491
491
494
514
514
527
527
528
528
530
538
540
540
541
9
9
10
10
13
19
21
22
22
23
26
41
41
55
57
57
63
65
70
70
71
71
74
74
80
86
86
88
88
88
88
91
92
94
94
95
95
96
96
110
112
112
116
127
127
127
127
129
129
131
132
132
134
134
134
134
143
143
143
143
147
147
147
147
149
149
149
149
150
151
151
153
156
159
159
160
160
161
161
164
186
186
186
186
187
187
190
190
192
192
195
195
195
195
195
196
199
199
199
199
202
204
204
204
204
205
205
211
214
214
221
221
221
224
224
225
225
227
227
227
227
228
228
228
228
230
230
230
230
230
232
234
234
234
234
235
235
236
238
242
324
324
334
334
334
337
337
344
344
345
350
350
350
359
359
359
359
359
362
362
368
369
369
369
472
472
472
488
488
489
489
489
491
491
491
514
514
514
514
527
527
528
528
538
538
538
538
540
540
549
549
471
524
298
473
9
9
10
10
11
19
22
22
23
26
41
41
57
57
70
70
71
71
74
74
86
86
88
88
94
94
95
95
96
96
112
112
127
127
129
129
132
132
134
134
143
143
147
147
149
149
151
151
153
156
159
159
160
160
161
161
164
190
190
192
192
195
195
196
199
199
205
205
214
214
218
221
221
224
224
225
225
227
227
228
228
230
230
234
234
235
235
240
324
324
334
334
337
337
344
344
345
350
350
351
359
359
362
362
368
369
369
462
472
472
472
489
489
491
491
494
514
514
527
527
528
528
530
538
540
540
541
549
549
549
550
550
11
98
112
112
130
130
152
152
154
154
186
186
195
195
196
200
200
201
201
215
218
233
233
240
351
462
472
493
494
517
517
522
522
530
541
549
553
44
65
65
73
81
88
104
112
113
116
116
161
196
201
212
214
228
235
239
334
351
359
361
369
382
382
436
437
438
498
196
550
4
87
87
246
248
248
266
276
289
289
289
290
296
308
308
314
314
319
329
375
473
473
473
399
409
9
9
10
10
19
22
22
23
26
41
41
44
54
57
57
65
70
70
71
71
73
74
74
81
86
86
88
88
88
94
94
95
95
96
96
104
112
112
116
127
127
129
129
132
132
134
134
143
143
147
147
149
149
151
151
153
156
159
159
160
160
161
161
161
164
190
190
192
192
195
195
196
199
199
205
205
212
214
214
214
220
221
221
224
224
225
225
227
227
228
228
230
230
234
234
235
235
235
239
324
324
334
334
337
337
344
344
345
350
350
359
359
359
362
362
368
369
369
382
436
437
438
472
472
489
489
491
491
498
514
514
527
527
528
528
538
540
540
549
549
550
550
553
553
555
555
55
538
550
9
9
10
10
13
19
21
22
22
23
26
41
41
57
57
70
70
71
71
74
74
86
86
88
88
88
88
94
94
95
95
96
96
110
112
112
116
127
127
127
127
129
129
131
132
132
134
134
134
134
143
143
143
143
147
147
147
147
149
149
149
149
150
151
151
153
156
159
159
160
160
161
161
164
186
186
187
187
190
190
192
192
195
195
195
195
199
199
199
199
202
204
204
205
205
214
214
221
221
221
224
224
225
225
227
227
227
227
228
228
228
228
230
230
230
230
232
234
234
234
234
235
235
238
242
324
324
334
334
334
337
337
344
344
345
350
350
350
359
359
359
359
362
362
368
369
369
472
472
488
488
489
489
489
491
491
491
514
514
514
514
527
527
528
528
538
538
538
540
540
549
549
550
550
550
550
553
553
559
559
9
9
10
10
19
21
22
22
23
26
41
41
57
57
70
70
71
71
74
74
86
86
88
88
88
94
94
95
95
96
96
110
112
112
116
127
127
127
129
129
131
132
132
134
134
134
143
143
143
147
147
147
149
149
149
150
151
151
153
156
159
159
160
160
161
161
164
186
187
190
190
192
192
195
195
195
199
199
199
202
204
205
205
214
214
221
221
221
224
224
225
225
227
227
227
228
228
228
230
230
230
232
234
234
234
235
235
238
242
324
324
334
334
334
337
337
344
344
345
350
350
350
359
359
359
359
362
362
362
368
369
369
472
472
488
489
489
489
491
491
491
514
514
514
527
527
528
528
538
538
540
540
540
549
549
550
550
550
553
553
559
559
561
561
561
129
133
142
149
564
564
565
90
90
107
118
177
178
179
188
221
248
259
291
356
388
420
426
473
473
497
508
509
32
35
64
107
118
177
178
179
188
221
246
248
248
254
259
264
264
271
288
291
291
291
291
291
291
291
291
291
291
291
291
291
291
291
291
291
291
291
291
291
291
291
291
291
309
356
388
420
426
453
473
473
497
508
509
567
32
35
64
107
118
177
178
179
188
221
246
248
248
254
259
264
264
271
288
291
291
291
291
291
291
291
291
291
291
291
291
291
291
291
291
291
291
291
291
291
291
291
291
291
309
356
388
420
426
453
473
473
497
508
509
567
568
568
568
568
568
568
568
568
568
568
568
568
568
568
568
568
568
568
568
568
568
568
568
568
568
418
446
452
452
452
452
454
403
403
456
269
322
323
326
372
373
374
439
466
468
469
473
24
24
24
24
32
32
34
34
34
34
34
43
64
64
172
173
175
176
246
247
249
262
262
262
262
266
286
296
298
298
298
299
308
308
308
308
308
314
315
347
390
391
473
473
473
473
485
485
486
529
532
30
35
60
262
262
288
473
473
473
35
246
248
254
288
291
296
391
473
497
508
509
568
569
298
299
313
404
457
94
171
337
341
351
483
496
473
580
404
457
578
404
457
578
582
9
9
10
10
13
19
21
22
22
23
26
41
41
57
57
65
70
70
71
71
74
74
86
86
88
88
88
88
94
94
95
95
96
96
110
112
112
112
113
116
127
127
127
127
129
129
131
132
132
134
134
134
134
143
143
143
143
147
147
147
147
149
149
149
149
150
151
151
153
156
159
159
160
160
161
161
164
186
186
187
187
190
190
192
192
195
195
195
195
199
199
199
199
202
204
204
205
205
214
214
221
221
221
224
224
225
225
227
227
227
227
228
228
228
228
228
228
230
230
230
230
232
234
234
234
234
235
235
238
242
324
324
334
334
334
334
334
337
337
344
344
345
350
350
350
359
359
359
359
362
362
368
369
369
369
382
472
472
488
488
489
489
489
491
491
491
514
514
514
514
527
527
528
528
538
538
538
540
540
549
549
550
550
550
550
553
553
555
559
559
561
561
561
561
562
562
562
37
44
65
73
81
88
104
116
196
212
214
235
359
382
436
437
438
555
559
473
473
473
587
587
473
587
587
588
588
9
9
10
10
19
22
22
23
26
41
41
57
57
70
70
71
71
74
74
86
86
88
88
94
94
95
95
96
96
112
112
127
127
129
129
132
132
134
134
143
143
147
147
149
149
151
151
153
156
159
159
160
160
161
161
164
190
190
192
192
195
195
199
199
205
205
214
214
221
221
224
224
225
225
227
227
228
228
230
230
234
234
234
235
235
324
324
334
334
337
337
344
344
345
350
350
359
359
362
362
368
369
369
380
472
472
489
489
491
491
514
514
527
527
527
528
528
538
540
540
549
549
550
550
553
553
559
559
561
561
562
562
584
584
21
88
110
116
120
127
131
134
143
147
149
150
160
186
187
195
199
202
204
211
221
227
228
230
232
234
234
238
242
334
350
351
359
380
488
489
491
514
527
538
550
561
562
584
590
271
289
473
473
473
473
473
473
32
33
35
35
64
262
262
262
278
279
288
288
304
306
307
310
321
394
421
473
473
574
35
262
288
473
574
595
88
272
6
6
257
298
298
305
305
320
320
473
309
314
473
473
534
539
246
248
248
278
279
289
289
298
308
308
311
314
314
473
473
473
539
557
557
594
594
55
538
550
560
228
215
493
554
278
279
298
311
473
539
602
106
211
13
21
74
88
88
110
116
127
127
131
134
134
143
143
147
147
149
149
150
153
156
184
186
186
187
187
195
195
199
199
202
204
204
207
207
207
207
209
216
221
227
227
228
228
230
230
232
234
234
238
242
334
350
359
359
488
488
489
491
514
514
538
538
550
550
561
561
562
584
584
591
9
10
19
22
23
26
41
57
70
71
74
86
88
94
95
96
112
127
129
132
134
143
147
149
151
153
156
159
160
161
164
190
192
195
199
205
214
221
224
225
227
228
230
234
235
324
334
337
344
345
350
359
362
362
368
369
472
489
491
514
527
528
538
540
549
550
553
559
561
562
584
590
14
163
243
246
262
262
271
473
614
67
256
473
607
607
607
607
607
607
607
607
607
607
607
607
607
607
607
607
607
607
607
607
607
607
607
607
607
607
607
607
607
607
607
607
607
607
607
607
607
607
607
607
607
607
607
607
607
607
607
607
45
24
32
34
64
173
176
246
247
249
262
308
347
473
573
45
621
621
46
395
107
118
177
178
179
188
221
221
221
221
221
221
221
248
259
291
356
388
420
426
567
568
569
9
10
19
22
23
26
41
57
70
71
74
86
88
94
95
96
112
127
129
132
134
143
147
149
151
153
156
159
160
161
164
190
192
195
199
205
211
214
221
224
225
227
228
230
233
233
233
234
235
236
236
242
324
334
337
344
345
350
359
362
368
369
371
472
489
491
514
527
528
538
540
549
550
553
559
561
562
584
590
611
367
367
367
367
205
205
206
206
9
9
10
10
19
22
22
23
26
41
41
57
57
70
70
71
71
74
74
86
86
88
88
94
94
95
95
96
96
112
112
127
127
129
129
132
132
134
134
143
143
147
147
149
149
151
151
153
156
159
159
160
160
161
161
164
190
190
192
192
195
195
199
199
205
205
214
214
221
221
224
224
225
225
227
227
228
228
230
230
234
234
235
235
324
324
334
334
337
337
344
344
345
350
350
359
359
359
359
362
362
368
369
369
472
472
489
489
491
491
514
514
527
527
528
528
538
540
540
549
549
550
550
553
553
559
559
561
561
562
562
562
584
584
590
590
611
627
46
395
625
621
624
107
118
137
155
177
178
179
188
221
248
259
291
356
388
420
426
567
568
569
626
9
218
522
637
637
637
637
637
637
637
637
637
637
637
637
637
637
637
637
637
637
637
637
637
9
9
10
10
19
22
22
23
26
41
41
57
57
70
70
71
71
74
74
86
86
88
88
94
94
94
95
95
96
96
112
112
127
127
129
129
132
132
134
134
143
143
147
147
149
149
151
151
153
156
159
159
160
160
161
161
164
180
189
190
190
192
192
195
195
199
199
205
205
214
214
221
221
224
224
225
225
227
227
228
228
230
230
234
234
235
235
324
324
334
334
337
337
340
344
344
345
350
350
351
351
351
359
359
362
362
368
369
369
472
472
489
489
491
491
514
514
527
527
528
528
538
540
540
549
549
550
550
553
553
559
559
561
561
562
562
584
584
590
590
611
627
632
632
594
594
603
471
471
471
471
471
471
471
471
471
471
471
471
471
471
471
471
471
471
471
471
471
471
471
499
524
524
524
524
524
524
524
524
524
524
524
524
524
524
524
524
524
524
524
524
524
524
524
525
537
543
543
473
107
118
177
178
179
188
221
248
259
291
356
387
388
388
388
420
420
420
426
471
524
543
567
568
569
626
636
46
395
625
633
31
332
594
594
603
641
641
594
594
594
471
471
471
499
499
502
502
515
524
524
524
525
525
537
537
545
643
60
471
502
524
546
21
88
110
116
127
131
134
143
147
149
150
186
187
195
199
202
204
221
227
228
230
232
234
238
242
334
350
359
488
489
491
514
538
550
561
562
584
591
610
24
32
34
35
64
173
176
246
247
249
262
262
288
308
347
473
473
573
574
595
596
622
567
567
659
567
567
567
659
660
107
118
127
147
177
178
179
188
190
200
201
221
221
221
248
259
291
353
356
388
416
420
426
567
568
569
626
636
645
663
663
664
663
663
663
663
664
665
666
655
655
655
655
655
655
655
655
655
655
655
655
655
655
655
655
655
655
655
655
655
655
655
655
655
655
655
655
655
655
655
655
655
655
655
655
655
655
655
655
46
395
625
633
646
31
31
332
647
24
32
34
64
173
173
176
176
246
247
247
249
262
262
308
347
473
573
622
658
658
387
388
471
471
471
499
502
502
524
524
524
525
537
537
543
651
387
388
471
471
502
524
524
537
543
674
674
387
388
420
471
471
471
471
501
524
524
524
524
543
543
674
675
55
538
550
560
604
680
228
605
112
201
225
233
242
357
531
594
603
641
648
607
607
607
607
607
607
607
607
607
607
617
617
617
617
617
617
617
617
617
617
668
668
387
388
471
471
471
471
502
524
524
524
524
537
543
674
674
675
675
676
44
65
65
73
81
88
104
112
113
116
196
212
214
214
228
235
334
359
369
382
382
436
437
437
438
555
555
559
584
586
607
607
607
607
607
607
617
617
617
617
617
617
655
655
655
655
655
669
669
669
669
669
18
18
70
71
196
223
223
505
594
594
594
594
603
649
387
388
471
471
502
524
524
537
543
674
674
675
675
676
688
688
697
697
9
10
22
41
57
70
71
74
86
88
94
95
96
112
127
129
132
134
143
147
149
151
159
160
161
190
192
195
199
205
214
221
224
225
227
228
230
234
235
324
334
337
344
350
359
362
369
472
489
491
514
527
528
540
549
550
553
559
561
562
584
590
632
640
655
655
655
655
655
655
669
669
692
206
210
44
65
73
81
88
104
116
196
212
214
214
235
359
382
436
437
438
555
559
586
690
690
387
387
387
420
420
420
460
460
460
471
524
643
471
471
471
499
500
502
523
524
524
524
525
537
643
676
10
41
53
192
194
196
218
339
10
10
11
41
53
53
76
192
194
196
196
218
218
240
339
351
462
472
472
494
530
541
549
553
554
707
655
655
669
669
712
712
713
713
44
65
73
81
88
104
116
196
212
214
214
235
359
382
436
437
438
555
559
586
690
690
702
702
716
717
717
107
118
177
178
179
188
221
248
259
291
356
388
420
426
567
568
569
626
636
645
662
717
717
717
718
718
717
717
717
717
718
718
719
719
719
719
719
719
719
717
719
719
720
720
717
717
717
718
718
719
719
719
719
719
720
720
720
720
720
720
721
721
717
717
717
718
718
719
719
719
719
720
720
720
720
720
720
721
721
722
722
722
722
722
717
718
719
720
721
722
723
723
717
719
719
720
720
721
722
722
723
723
717
719
720
721
722
723
725
717
717
718
719
719
719
719
719
720
720
720
720
720
720
720
720
720
720
720
720
720
720
720
720
720
720
721
721
721
721
722
722
722
722
722
723
723
723
723
723
723
724
724
725
725
726
717
719
720
721
722
723
725
726
727
717
717
718
719
719
719
719
720
720
720
720
720
720
720
720
720
720
720
721
721
721
721
722
722
722
722
723
723
723
723
723
724
724
725
725
726
727
727
727
727
727
727
727
727
728
717
717
718
718
719
719
720
720
720
720
722
722
723
723
724
727
729
729
729
717
717
718
719
719
719
720
720
720
720
720
720
721
721
722
722
722
722
723
723
723
723
723
723
724
724
725
725
726
727
727
727
727
727
727
727
728
729
729
729
729
729
729
730
720
720
720
720
720
720
720
723
727
727
727
727
727
727
727
729
729
731
717
717
718
719
719
719
720
720
720
721
721
722
722
722
723
723
724
725
726
727
727
727
728
729
729
729
730
731
731
717
719
720
721
722
723
725
726
727
728
729
731
733
734
719
727
717
717
718
718
719
719
719
720
720
720
720
720
722
722
722
722
723
723
723
723
724
725
727
727
727
727
729
729
729
730
730
730
731
731
731
731
733
734
735
735
717
717
718
719
719
719
720
720
720
721
722
722
722
723
723
723
724
725
725
726
727
727
727
727
728
729
729
729
730
731
731
731
731
733
733
734
737
737
737
717
718
719
720
722
723
724
727
729
730
731
733
737
738
719
720
720
722
723
725
727
727
729
729
731
732
735
737
737
738
717
719
720
720
721
722
723
725
726
727
727
728
729
729
731
732
733
734
738
740
719
727
736
716
716
716
717
717
717
717
717
718
718
719
719
719
719
720
720
720
720
720
720
720
721
722
722
722
722
722
723
723
723
723
723
724
725
725
726
727
727
727
727
728
729
729
729
729
730
730
730
731
731
731
731
733
733
734
734
735
737
737
737
737
737
737
738
738
738
739
740
741
719
720
722
723
725
727
729
731
737
738
740
743
717
717
718
719
719
719
720
720
720
721
722
722
722
723
723
723
724
725
725
726
727
727
727
728
729
729
729
730
731
731
731
733
733
734
734
735
735
737
737
737
737
738
738
738
739
740
740
741
743
743
743
743
744
717
719
719
720
720
721
722
722
723
723
725
725
726
727
727
728
729
729
731
731
733
734
737
738
738
740
741
743
743
744
745
745
734
735
735
737
737
740
743
745
745
717
717
717
718
718
719
719
719
719
720
720
720
720
721
722
722
722
722
723
723
723
723
724
725
725
726
727
727
727
728
729
729
729
730
730
731
731
731
733
733
734
735
737
737
737
737
738
738
738
739
740
740
741
743
743
743
743
744
745
745
745
745
746
746
747
727
731
737
738
727
731
737
738
749
717
717
717
718
718
719
719
719
719
720
720
720
720
720
721
722
722
722
722
723
723
723
723
723
724
725
725
726
727
727
727
727
728
729
729
729
729
730
730
731
731
731
731
732
733
733
734
737
737
737
738
738
738
739
740
741
743
743
743
743
744
745
745
745
746
746
748
748
748
748
746
717
718
719
720
722
723
724
727
729
730
731
733
737
738
739
743
745
748
751
719
720
722
723
725
727
729
731
737
738
740
743
744
745
746
748
751
717
719
719
719
720
720
720
721
721
722
722
722
723
723
725
725
726
727
727
727
727
728
729
729
729
731
731
731
733
733
734
737
737
738
738
738
740
741
743
743
744
745
745
746
746
748
748
749
750
751
751
754
719
720
722
723
725
727
729
731
737
738
740
743
744
745
746
748
751
754
755
717
719
720
721
722
723
725
726
727
728
729
731
733
734
738
741
743
745
746
748
751
755
717
719
720
721
722
723
725
726
727
728
729
731
733
734
738
741
743
745
746
748
751
755
757
717
717
718
719
719
720
720
721
722
722
723
723
724
725
726
727
727
728
729
729
729
730
731
731
733
733
734
737
738
738
739
741
743
743
745
745
746
748
748
751
751
753
755
757
758
717
717
718
719
719
720
720
720
721
722
722
722
723
723
723
724
725
726
727
727
727
728
729
729
730
731
731
731
733
733
734
737
737
738
738
739
741
743
743
743
745
745
746
748
748
751
751
753
755
757
758
759
759
720
723
727
729
731
732
734
735
737
743
743
745
747
751
107
118
177
178
179
188
221
248
259
291
356
388
420
426
567
568
569
626
636
645
662
717
717
717
717
718
718
719
719
719
719
719
719
719
720
720
720
720
720
720
720
720
720
720
720
720
721
721
721
722
722
722
722
722
722
723
723
723
723
723
723
723
724
724
725
725
726
727
727
727
727
727
727
727
727
727
727
728
729
729
729
729
729
729
729
729
729
730
730
730
730
731
731
731
731
731
731
731
731
732
732
732
733
733
733
733
734
734
735
735
736
737
737
737
737
737
737
737
737
737
738
738
738
738
739
740
740
741
742
743
743
743
743
743
743
743
743
743
743
744
745
745
745
745
745
745
746
746
746
747
747
748
748
748
748
748
749
750
751
751
751
751
751
752
753
754
755
755
755
755
756
757
758
759
759
760
760
760
761
761
761
719
727
736
742
762
719
727
736
742
762
763
719
727
736
742
762
763
764
719
727
736
742
762
763
764
765
0
9
10
18
18
22
26
36
37
38
39
41
42
47
47
48
50
50
51
52
53
55
55
56
57
61
70
70
70
71
71
71
72
74
74
75
77
78
79
83
85
86
86
93
93
94
94
96
97
98
101
101
102
105
105
108
110
116
120
121
128
129
129
129
133
133
134
134
134
135
135
136
138
139
140
141
142
142
143
143
143
144
144
145
146
148
149
149
149
153
156
157
158
159
159
160
160
162
164
164
165
180
183
186
186
189
189
189
192
193
194
196
196
196
196
196
196
196
196
196
196
196
196
200
201
201
201
201
203
205
205
206
206
206
207
207
207
209
211
211
211
211
211
213
215
216
218
218
218
218
218
218
218
218
219
220
222
224
227
227
228
229
230
230
231
235
237
239
241
339
339
346
351
351
351
351
351
361
370
383
503
540
540
540
540
540
550
550
555
555
555
555
591
610
610
610
631
640
707
708
185
185
185
185
185
226
226
226
226
226
226
67
256
473
616
115
117
205
205
206
427
427
46
395
625
633
646
670
662
655
655
655
669
700
700
700
700
18
18
70
71
196
223
223
505
693
693
245
245
264
264
303
309
309
314
314
245
245
264
264
291
291
303
309
309
314
314
568
568
569
569
778
778
245
245
245
255
264
264
264
264
276
289
303
303
309
309
314
314
778
778
779
779
107
118
177
178
179
188
221
248
259
291
352
356
388
420
426
480
567
567
568
569
626
636
645
659
660
661
662
719
762
471
471
471
471
471
471
471
471
471
471
471
471
471
471
471
471
471
471
499
499
499
499
499
499
499
499
499
500
500
500
500
501
501
502
502
515
523
524
524
524
524
524
524
524
524
524
524
524
524
524
524
524
524
524
524
525
525
537
537
543
546
546
643
651
676
705
706
31
332
642
647
671
198
221
245
264
303
309
314
778
779
780
430
607
607
607
607
607
607
617
617
617
617
617
617
691
691
691
691
691
676
471
524
551
471
471
471
471
471
471
471
471
471
471
471
499
499
499
499
499
500
500
501
502
523
524
524
524
524
524
524
524
524
524
524
524
525
535
537
543
544
545
676
706
782
782
782
782
782
782
782
782
793
793
793
362
611
656
9
9
10
10
19
22
22
23
26
37
41
41
57
57
70
70
71
71
74
74
86
86
88
88
94
94
95
95
96
96
112
112
127
127
129
129
132
132
134
134
143
143
147
147
149
149
151
151
153
156
159
159
160
160
161
161
164
190
190
192
192
195
195
199
199
205
205
214
214
221
221
224
224
225
225
227
227
228
228
230
230
234
234
235
235
324
324
334
334
337
337
344
344
345
350
350
359
359
362
362
368
369
369
472
472
489
489
491
491
514
514
527
527
528
528
538
540
540
549
549
550
550
553
553
559
559
561
561
562
562
584
584
585
590
590
611
627
632
632
640
640
699
798
798
798
799
269
322
323
323
326
326
326
328
331
372
373
374
374
439
439
439
466
468
469
473
473
572
302
473
516
215
493
554
606
798
798
799
800
24
24
34
43
172
172
175
175
262
286
298
299
308
314
314
473
573
262
278
298
299
314
473
34
262
262
278
298
298
299
308
314
314
473
807
607
617
691
788
788
67
314
37
39
51
61
96
201
220
768
37
39
51
61
96
201
220
768
811
37
585
797
32
33
35
64
262
278
279
279
281
288
298
304
306
307
310
321
394
421
473
595
717
719
720
721
722
723
725
726
727
728
729
731
733
734
738
741
743
745
746
748
751
755
757
758
759
760
762
717
719
720
721
722
723
725
726
727
728
729
731
733
734
738
741
743
745
746
748
751
755
757
758
759
760
762
816
793
793
793
793
794
794
794
794
794
794
794
794
794
818
473
581
196
550
556
91
92
106
193
211
233
236
362
371
538
550
609
611
611
627
768
768
768
795
159
160
234
333
365
381
397
9
10
19
22
23
26
41
57
70
71
74
86
88
94
95
96
112
127
129
132
134
143
147
149
151
153
156
159
160
161
164
190
192
195
199
205
214
221
224
225
227
228
230
234
235
324
334
337
344
345
350
359
362
368
369
472
489
491
514
527
528
538
540
549
550
553
559
561
562
584
590
611
627
632
640
797
9
9
10
10
19
22
22
23
26
41
41
57
57
70
70
71
71
74
74
86
86
88
88
94
94
95
95
96
96
112
112
127
127
129
129
132
132
134
134
143
143
147
147
149
149
151
151
153
156
159
159
160
160
161
161
164
190
190
192
192
195
195
199
199
205
205
214
214
221
221
224
224
225
225
227
227
228
228
230
230
234
234
235
235
324
324
334
334
337
337
344
344
345
350
350
359
359
362
362
362
368
369
369
472
472
489
489
491
491
514
514
527
527
528
528
538
540
540
549
549
550
550
553
553
559
559
561
561
562
562
584
584
590
590
611
611
611
627
632
632
640
640
699
795
797
797
822
822
824
448
538
4
32
32
33
34
35
64
64
87
163
256
262
262
262
266
266
271
271
276
278
279
288
288
289
290
290
290
291
293
296
296
298
298
301
307
308
311
323
326
326
326
329
330
331
347
363
374
375
390
391
428
439
453
467
467
469
469
473
473
473
473
473
473
473
473
473
473
473
473
474
490
492
495
507
516
536
539
557
557
557
568
569
573
588
614
801
801
801
71
270
473
234
94
234
768
832
63
65
80
369
550
9
9
10
10
10
10
19
22
22
22
22
23
26
41
41
41
44
57
57
63
65
65
65
70
70
71
71
73
74
74
74
74
80
81
86
86
88
88
88
88
88
88
94
94
95
95
96
96
104
112
112
112
113
116
127
127
129
129
132
132
134
134
143
143
147
147
149
149
151
151
153
156
159
159
160
160
161
161
164
164
190
190
190
192
192
195
195
196
199
199
205
205
212
214
214
214
221
221
224
224
225
225
227
227
228
228
228
230
230
234
234
235
235
235
235
235
235
324
324
334
334
334
337
337
344
344
345
350
350
359
359
359
362
362
368
369
369
369
369
382
382
436
437
438
472
472
489
489
491
491
514
514
527
527
528
528
538
540
540
549
549
550
550
550
553
553
555
555
559
559
559
561
561
562
562
584
584
584
586
590
590
611
627
632
632
640
640
690
690
699
702
715
797
797
824
825
825
834
37
39
51
61
96
201
220
768
811
812
437
538
767
618
471
471
524
524
676
688
706
46
395
625
633
646
670
773
24
34
59
60
60
62
172
175
256
262
262
262
279
281
298
298
308
314
314
314
473
473
574
806
808
815
35
262
288
473
574
595
596
658
2
60
60
67
87
243
246
247
256
256
262
262
262
266
270
289
290
300
302
314
440
467
469
473
473
473
473
473
473
473
473
473
473
473
473
473
473
473
473
473
473
473
473
473
473
473
473
473
473
473
473
473
473
473
473
516
574
587
588
589
592
592
616
770
802
829
829
831
843
717
719
720
721
722
723
725
726
727
728
729
731
733
734
738
741
743
745
746
748
751
755
757
758
759
760
762
816
817
95
350
717
719
720
721
722
723
725
726
727
728
729
731
733
734
738
741
743
745
746
748
751
755
757
758
759
760
762
816
817
846
44
65
73
81
88
104
116
196
212
214
214
235
359
382
436
437
437
438
555
559
586
690
690
702
702
715
715
835
837
44
65
65
73
81
88
104
112
113
116
196
212
214
214
228
235
334
359
369
382
382
436
437
437
438
555
555
559
584
586
690
690
690
690
690
702
702
715
715
835
835
849
849
471
524
688
841
300
473
473
845
845
24
32
34
64
173
176
246
247
249
262
308
347
473
573
622
658
673
798
798
799
205
28
28
29
298
299
473
262
267
473
717
719
720
721
722
723
725
726
727
728
729
731
733
734
738
741
743
745
746
748
751
755
757
758
759
760
762
816
817
846
848
717
719
720
721
722
723
725
726
727
728
729
731
733
734
738
741
743
745
746
748
751
755
757
758
759
760
762
816
817
846
848
859
861
861
862
189
768
2
173
176
413
473
189
768
864
189
768
864
867
9
10
19
22
23
26
41
57
70
71
74
86
88
94
95
96
112
127
129
132
134
143
147
149
151
153
156
159
160
161
164
190
192
195
199
205
214
221
224
225
227
228
230
234
235
324
334
337
344
345
350
359
362
368
369
472
489
491
514
527
528
538
540
549
550
553
559
561
562
584
590
611
627
632
640
797
824
825
835
189
768
864
867
868
215
493
554
606
803
9
9
10
10
19
22
22
23
26
41
41
57
57
70
70
71
71
74
74
86
86
88
88
94
94
95
95
96
96
112
112
127
127
129
129
132
132
134
134
143
143
147
147
149
149
151
151
153
156
159
159
160
160
161
161
164
189
190
190
192
192
195
195
199
199
205
205
214
214
221
221
224
224
225
225
227
227
228
228
230
230
234
234
235
235
324
324
334
334
337
337
344
344
345
350
350
359
359
362
362
368
369
369
472
472
489
489
491
491
514
514
527
527
528
528
538
540
540
549
549
550
550
553
553
559
559
561
561
562
562
584
584
590
590
611
627
632
632
640
640
699
768
797
797
824
825
825
835
835
864
867
868
869
870
9
10
19
22
23
26
41
57
70
71
74
86
88
94
95
96
112
127
129
132
134
143
147
149
151
153
156
159
160
161
164
190
192
195
199
205
214
221
224
225
227
228
230
234
235
324
334
337
344
345
350
359
362
368
369
472
489
491
514
527
528
538
540
549
550
553
559
561
562
584
590
611
627
632
640
797
824
825
835
869
872
9
10
19
22
23
26
41
57
70
71
74
86
88
94
95
96
112
127
129
132
134
143
147
149
151
153
156
159
160
161
164
190
192
195
199
205
214
221
224
225
227
228
230
234
235
324
334
337
344
345
350
359
362
368
369
472
489
491
514
527
528
538
540
549
550
553
559
561
562
584
590
611
627
632
640
797
824
825
835
869
872
873
86
159
160
162
165
768
55
538
550
560
604
677
34
59
60
62
256
262
262
262
278
278
279
298
298
298
299
308
311
311
314
314
314
314
473
473
473
539
539
602
608
807
808
808
843
843
399
409
558
473
185
185
195
221
228
605
684
228
605
684
882
9
9
10
10
19
22
22
23
26
41
41
57
57
70
70
71
71
74
74
86
86
88
88
94
94
95
95
96
96
112
112
127
127
129
129
132
132
134
134
143
143
147
147
149
149
151
151
153
156
159
159
160
160
161
161
164
190
190
192
192
195
195
199
199
205
205
214
214
221
221
224
224
225
225
227
227
228
228
228
228
228
230
230
234
234
235
235
324
324
334
334
337
337
344
344
345
350
350
359
359
362
362
368
369
369
472
472
489
489
491
491
514
514
527
527
528
528
538
540
540
549
549
550
550
553
553
559
559
561
561
562
562
584
584
590
590
611
627
632
632
640
640
699
797
797
824
825
825
835
835
869
872
872
873
874
107
118
177
178
179
188
221
248
259
291
356
388
420
426
567
568
569
626
636
645
662
719
762
781
234
768
832
833
788
87
289
289
319
319
473
557
189
768
864
867
868
870
872
189
768
864
867
868
870
872
890
662
662
892
826
898
898
898
898
898
262
267
267
473
858
63
65
65
80
92
112
113
228
334
369
369
382
550
555
584
690
834
835
835
850
264
264
291
309
568
569
9
9
10
10
10
11
19
22
22
23
26
41
41
41
53
57
57
70
70
71
71
74
74
86
86
88
88
94
94
95
95
96
96
97
112
112
127
127
129
129
132
132
134
134
143
143
147
147
149
149
151
151
153
156
159
159
160
160
161
161
164
190
190
192
192
192
194
195
195
196
196
199
199
205
205
214
214
218
218
221
221
224
224
225
225
227
227
228
228
230
230
234
234
235
235
240
324
324
334
334
337
337
339
344
344
345
350
350
351
359
359
362
362
368
369
369
462
472
472
472
489
489
491
491
494
514
514
527
527
528
528
530
538
540
540
541
549
549
549
550
550
553
553
553
554
559
559
561
561
562
562
584
584
590
590
611
627
632
632
640
640
699
701
707
708
708
768
768
797
797
824
825
825
835
835
869
872
872
873
874
884
884
898
898
898
898
898
898
898
898
898
898
898
898
898
898
898
898
898
898
898
898
899
899
900
900
900
637
639
805
908
908
607
607
617
617
650
650
25
58
298
299
473
9
9
10
10
19
22
22
23
26
41
41
57
57
70
70
71
71
74
74
86
86
88
88
94
94
95
95
96
96
112
112
127
127
129
129
132
132
134
134
143
143
147
147
149
149
151
151
153
156
159
159
160
160
161
161
164
190
190
192
192
195
195
199
199
205
205
214
214
221
221
224
224
225
225
227
227
228
228
230
230
234
234
235
235
324
324
334
334
337
337
344
344
345
350
350
359
359
362
362
368
369
369
472
472
489
489
491
491
514
514
527
527
528
528
538
540
540
549
549
550
550
553
553
559
559
561
561
562
562
584
584
590
590
611
627
632
632
640
640
699
768
797
797
824
825
825
835
835
869
872
872
873
874
884
884
905
905
898
906
915
416
662
473
644
805
908
635
635
387
387
388
388
420
420
471
471
471
471
471
471
471
471
471
471
471
471
499
499
499
499
500
500
500
501
502
502
502
523
524
524
524
524
524
524
524
524
524
524
524
524
525
525
525
537
537
537
543
543
543
543
543
546
645
645
645
645
645
645
645
645
645
654
676
676
706
782
782
782
782
782
792
792
792
792
792
645
645
645
645
645
645
925
925
925
925
925
925
925
645
645
645
676
925
925
925
925
926
926
927
635
635
635
635
924
34
263
267
279
298
308
314
473
291
293
298
474
24
24
34
34
34
34
34
43
43
109
172
172
175
175
262
262
263
267
267
267
268
274
277
278
278
279
286
291
291
291
291
293
293
293
293
298
298
298
298
298
298
298
299
299
299
303
308
308
308
308
308
309
309
309
311
314
314
314
314
314
314
314
473
473
474
474
474
474
539
568
568
569
569
573
689
778
779
779
806
806
808
843
843
878
878
931
9
9
10
10
10
10
19
22
22
22
22
23
26
41
41
41
42
57
57
57
70
70
71
71
74
74
74
74
78
79
86
86
88
88
88
88
94
94
95
95
96
96
112
112
127
127
129
129
132
132
134
134
143
143
147
147
149
149
151
151
153
156
159
159
160
160
161
161
164
164
190
190
190
192
192
195
195
199
199
205
205
214
214
221
221
224
224
225
225
227
227
228
228
230
230
234
234
235
235
235
235
324
324
334
334
337
337
344
344
345
350
350
359
359
362
362
368
369
369
472
472
489
489
491
491
514
514
527
527
528
528
538
540
540
549
549
550
550
553
553
559
559
561
561
562
562
584
584
590
590
611
627
632
632
640
640
699
768
797
797
824
825
825
835
835
835
835
869
872
872
873
874
884
884
905
905
913
913
109
291
293
298
474
931
932
932
814
814
471
471
499
502
502
515
524
524
525
525
537
537
651
782
814
814
935
935
898
900
906
915
918
799
107
118
177
178
179
188
221
248
259
291
356
388
420
426
567
568
569
607
607
607
607
607
607
607
607
607
607
607
607
607
607
607
607
607
617
617
617
617
617
617
617
617
617
617
617
617
617
617
617
617
617
626
636
645
662
687
687
687
687
687
687
687
687
687
687
719
762
781
885
938
938
793
794
794
794
794
794
794
794
794
819
819
819
819
819
819
819
819
819
819
819
819
819
819
819
819
819
819
819
819
894
894
894
894
894
894
894
894
680
680
805
898
900
906
908
922
24
24
32
34
64
172
175
248
258
298
308
314
315
485
529
532
573
806
843
932
87
289
289
319
319
473
557
889
889
798
798
798
799
799
799
800
804
855
855
938
938
938
938
938
940
940
940
798
799
799
855
938
947
947
778
932
607
617
910
799
938
938
938
940
940
947
947
947
948
948
948
937
245
245
264
264
303
309
309
309
314
314
314
778
778
779
779
780
780
786
798
798
799
799
800
804
855
938
947
947
947
948
951
937
952
32
33
35
64
262
278
279
288
304
306
307
310
321
394
421
473
595
815
945
6
257
298
305
320
600
567
661
637
639
635
635
924
929
929
211
550
768
776
776
901
901
940
947
947
107
118
177
178
179
188
221
221
248
259
291
356
388
420
426
567
568
569
626
636
645
662
662
719
762
781
885
939
107
118
177
178
179
188
221
248
259
291
356
388
388
420
420
426
567
568
569
626
636
645
645
662
719
762
781
885
939
964
966
966
735
737
740
745
745
747
748
762
762
34
262
262
278
298
298
299
308
314
314
473
807
808
808
843
878
878
932
35
35
246
248
248
254
288
288
291
473
473
497
508
509
568
569
575
439
801
323
331
374
439
439
473
801
801
829
971
473
473
908
909
90
90
107
118
177
178
179
188
221
248
259
291
356
388
420
426
473
473
497
508
509
567
567
567
567
567
567
567
567
567
567
567
567
568
569
626
636
645
659
660
661
661
661
662
719
762
781
781
885
939
958
964
967
115
127
147
190
198
200
200
201
201
221
221
221
221
221
221
221
221
221
221
221
221
221
221
221
221
221
221
221
221
221
221
221
221
221
221
221
221
221
221
221
221
221
221
221
221
227
230
353
427
662
662
784
881
964
3
5
5
6
6
6
24
24
24
25
28
29
32
34
34
34
34
34
34
34
34
34
35
43
43
58
64
66
66
82
82
82
82
82
82
87
172
175
176
257
262
262
262
262
262
262
262
263
266
266
266
267
267
267
274
278
278
278
278
278
279
279
279
279
279
281
286
288
291
291
293
293
293
293
296
298
298
298
298
298
298
298
298
298
298
298
298
298
298
298
298
298
298
298
298
298
298
298
298
298
298
298
298
298
298
298
298
298
298
298
298
298
298
298
298
298
298
298
298
298
298
298
298
298
298
298
298
298
298
298
298
298
298
299
299
299
299
299
299
299
299
299
299
299
299
301
305
305
308
308
308
308
308
308
308
308
308
308
309
311
313
313
313
314
314
314
314
314
315
320
320
363
375
390
391
393
417
417
473
473
473
473
473
473
473
473
473
473
473
473
473
473
473
473
473
473
473
473
473
473
473
473
473
473
473
473
473
474
474
474
474
485
485
486
492
507
529
532
539
552
557
573
573
573
573
576
600
600
602
608
806
807
808
808
815
829
829
829
829
843
843
857
878
878
878
912
930
931
932
932
932
932
932
932
932
934
945
957
969
969
10
11
41
50
50
53
186
192
194
196
196
196
211
211
213
218
218
218
218
218
218
218
218
218
218
218
218
218
218
218
218
218
218
218
218
218
218
227
227
227
230
230
230
233
240
335
339
339
351
462
472
494
530
541
549
553
554
638
707
708
708
768
768
768
768
768
768
768
768
768
822
905
905
115
117
205
206
427
427
771
771
303
932
589
9
9
10
10
13
19
21
22
22
23
26
41
41
55
57
57
63
65
70
70
71
71
74
74
80
86
86
88
88
88
88
91
92
94
94
95
95
96
96
110
112
112
116
127
127
127
127
129
129
131
132
132
134
134
134
134
143
143
143
143
147
147
147
147
149
149
149
149
150
151
151
153
156
159
159
160
160
161
161
164
186
186
186
186
187
187
190
190
192
192
195
195
195
195
195
196
199
199
199
199
202
204
204
204
204
205
205
214
214
221
221
221
224
224
225
225
227
227
227
227
228
228
228
228
230
230
230
230
230
232
234
234
234
234
235
235
236
238
242
324
324
334
334
334
337
337
344
344
345
350
350
350
359
359
359
359
359
362
362
368
369
369
369
472
472
472
488
488
489
489
489
491
491
491
514
514
514
514
527
527
528
528
538
538
538
538
540
540
549
549
550
550
550
550
550
550
550
550
550
550
550
550
550
550
550
550
553
553
556
559
559
560
561
561
561
561
562
562
562
584
584
584
584
590
590
591
604
610
610
611
627
632
632
640
640
656
677
699
768
797
797
821
822
824
825
825
834
835
835
835
869
872
872
873
874
877
884
884
903
905
905
913
913
933
933
314
153
156
207
209
216
610
768
65
112
113
228
334
369
382
555
584
690
835
850
903
635
635
924
929
929
960
960
312
107
118
177
178
179
188
221
248
259
291
356
388
420
426
567
568
569
626
636
645
662
719
762
781
885
939
964
967
979
65
112
113
228
334
369
382
555
584
690
835
850
903
992
65
112
113
228
334
369
382
555
584
690
835
850
903
992
997
717
717
718
719
719
719
720
720
720
720
720
720
721
722
722
722
723
723
723
723
724
725
725
726
727
727
727
727
727
727
727
728
729
729
729
729
730
731
731
731
731
731
732
732
733
733
734
734
735
735
737
737
737
737
737
738
738
738
738
739
740
740
741
743
743
743
743
744
745
745
745
745
745
746
746
747
747
748
748
748
748
749
750
751
751
751
751
753
754
755
755
755
756
757
758
759
759
760
760
761
761
762
762
762
762
762
762
762
762
816
817
846
848
859
860
968
